1 0.476823 0.402315 0.125521 0.238889
1 0.322526 0.375231 0.075781 0.067130
1 0.209505 0.473148 0.041406 0.062963
1 0.216276 0.389583 0.036198 0.062500
1 0.061328 0.155324 0.098177 0.088426
1 0.119661 0.125000 0.066927 0.079630
1 0.161198 0.065972 0.044271 0.083796
1 0.185417 0.142361 0.066667 0.072685
1 0.541406 0.054398 0.072396 0.098611
1 0.631380 0.093287 0.076823 0.090278
1 0.711589 0.117130 0.055990 0.101852
1 0.768490 0.271065 0.075000 0.088426
1 0.671224 0.447917 0.058594 0.075463
1 0.794792 0.361574 0.049479 0.046296
1 0.839323 0.389583 0.064583 0.122685
1 0.612500 0.667593 0.070833 0.062037
1 0.658594 0.682407 0.081771 0.052778
1 0.470052 0.808333 0.133333 0.114815
1 0.458854 0.661574 0.040625 0.065741
1 0.453776 0.718750 0.062760 0.056019
1 0.749219 0.780787 0.077083 0.074537
1 0.861068 0.700694 0.033073 0.088426
1 0.747135 0.665972 0.043229 0.042130
1 0.743880 0.595833 0.037760 0.068519
1 0.808594 0.578472 0.052604 0.052315
1 0.954297 0.074537 0.076302 0.092593
1 0.330859 0.480556 0.080469 0.065741
