1 0.213462 0.386476 0.140769 0.105459
1 0.391154 0.359181 0.099231 0.090571
1 0.271154 0.166253 0.166923 0.131514
1 0.159231 0.210298 0.144615 0.085608
1 0.088077 0.239454 0.166923 0.111663
1 0.475000 0.349876 0.083846 0.079404
1 0.463846 0.423697 0.104615 0.060794
1 0.517308 0.496278 0.091538 0.069479
1 0.563077 0.418114 0.092308 0.086849
1 0.683462 0.388958 0.099231 0.065757
1 0.751538 0.376551 0.086154 0.095533
1 0.765769 0.480769 0.091538 0.060794
1 0.690769 0.489454 0.087692 0.070720
1 0.723846 0.626551 0.101538 0.066998
1 0.625385 0.594293 0.076923 0.052109
1 0.920769 0.500620 0.084615 0.075682
