1 0.103834 0.117257 0.194888 0.181416
1 0.306709 0.108407 0.204473 0.137168
1 0.706070 0.117257 0.166134 0.199115
1 0.880192 0.126106 0.162939 0.207965
1 0.706070 0.309735 0.191693 0.212389
1 0.506390 0.307522 0.220447 0.128319
1 0.306709 0.318584 0.172524 0.203540
1 0.097444 0.309735 0.130990 0.176991
1 0.099042 0.517699 0.172524 0.203540
1 0.115016 0.721239 0.185304 0.194690
1 0.319489 0.517699 0.249201 0.168142
1 0.503195 0.493363 0.214058 0.154867
1 0.710863 0.508850 0.175719 0.123894
1 0.889776 0.508850 0.188498 0.132743
1 0.886581 0.707965 0.207668 0.150442
1 0.702875 0.701327 0.191693 0.110619
1 0.507987 0.701327 0.210863 0.119469
1 0.292332 0.696903 0.150160 0.128319
1 0.311502 0.900442 0.175719 0.154867
1 0.118211 0.911504 0.198083 0.168142
