1 0.521687 0.209286 0.200000 0.155714
1 0.338153 0.226429 0.104418 0.127143
1 0.120884 0.155714 0.060241 0.120000
1 0.089558 0.519286 0.146988 0.118571
1 0.310442 0.580000 0.163052 0.180000
1 0.519679 0.450714 0.133333 0.144286
1 0.632530 0.780000 0.233735 0.337143
1 0.216466 0.828571 0.405622 0.342857
1 0.797189 0.153571 0.081124 0.130000
1 0.858233 0.267857 0.106827 0.095714
1 0.767470 0.343571 0.052209 0.050000
1 0.829317 0.752857 0.092369 0.085714
1 0.620884 0.318571 0.086747 0.157143
1 0.066265 0.040714 0.050602 0.070000
1 0.616466 0.049286 0.114859 0.095714
1 0.602008 0.496429 0.118072 0.095714
