1 0.350000 0.303125 0.134375 0.143750
1 0.494531 0.342708 0.107813 0.139583
1 0.583594 0.300000 0.123438 0.137500
1 0.627344 0.275000 0.129688 0.133333
1 0.739062 0.343750 0.112500 0.079167
1 0.799219 0.284375 0.095312 0.114583
1 0.943750 0.329167 0.093750 0.175000
1 0.900781 0.468750 0.198437 0.133333
1 0.728906 0.457292 0.082812 0.064583
1 0.891406 0.126042 0.132812 0.114583
1 0.806250 0.052083 0.125000 0.100000
1 0.634375 0.163542 0.031250 0.081250
1 0.461719 0.155208 0.142187 0.085417
1 0.309375 0.128125 0.109375 0.068750
1 0.254688 0.066667 0.065625 0.120833
1 0.193750 0.259375 0.046875 0.072917
1 0.259375 0.251042 0.100000 0.106250
1 0.334375 0.234375 0.084375 0.089583
1 0.214844 0.355208 0.067187 0.106250
1 0.145313 0.376042 0.096875 0.056250
1 0.086719 0.283333 0.064062 0.104167
1 0.327344 0.467708 0.064062 0.106250
