4 0.138462 0.286952 0.166154 0.144342
4 0.183077 0.422633 0.209231 0.224018
4 0.370385 0.311778 0.183846 0.166282
4 0.479615 0.466513 0.203846 0.228637
4 0.239231 0.118938 0.169231 0.136259
4 0.414231 0.083141 0.120769 0.106236
4 0.421538 0.173788 0.132308 0.130485
4 0.642692 0.273672 0.174615 0.191686
4 0.802692 0.333718 0.157692 0.226328
4 0.830000 0.547344 0.238462 0.247113
4 0.626538 0.487875 0.156154 0.169746
4 0.562308 0.736721 0.241538 0.360277
4 0.874231 0.826212 0.251538 0.312933
4 0.308462 0.835450 0.296923 0.329099
4 0.080769 0.863164 0.130769 0.273672
4 0.069231 0.569861 0.133846 0.232102
4 0.531923 0.132794 0.119231 0.120092
4 0.623077 0.154157 0.096923 0.123557
4 0.660385 0.091801 0.142308 0.118938
4 0.940000 0.409931 0.120000 0.173210
